0 5 3 0 8 0 11 15 0 0 13 0 2 7 0 0
0 16 0 4 0 0 14 2 0 3 1 7 0 9 12 0
0 10 12 0 4 0 0 0 6 0 2 0 15 3 5 0
0 2 0 0 0 0 3 0 4 8 0 15 0 0 0 0
4 0 0 16 0 8 5 0 15 6 0 0 3 2 0 0
0 14 0 0 0 0 6 3 0 12 0 8 0 0 7 0
8 0 5 1 10 0 0 0 7 0 4 16 12 6 0 0
6 0 0 15 13 4 0 0 2 1 0 0 14 0 0 0
0 4 8 0 11 0 0 10 3 2 0 9 6 0 0 12
0 7 0 13 0 0 15 0 10 14 5 0 0 16 11 0
3 11 9 0 16 7 0 0 1 0 8 6 0 10 0 2
0 15 10 2 12 0 0 14 0 0 0 0 0 1 0 8
0 8 4 3 7 0 0 5 0 0 0 0 9 0 10 1
7 6 0 5 0 0 0 0 0 11 0 0 0 12 0 0
0 0 0 11 9 0 8 0 0 0 15 0 0 0 0 0
0 0 2 0 0 1 0 0 0 7 0 3 0 5 4 0